60.0
49.333333333333336
58.666666666666664
47.333333333333336
60.666666666666664
42.0
38.666666666666664
64.66666666666667
44.0
59.333333333333336
59.0
67.33333333333333
47.333333333333336
66.0
63.666666666666664
78.33333333333333
63.333333333333336
70.0
63.0
48.666666666666664
78.66666666666667
61.0
65.33333333333333
77.0
58.333333333333336
73.66666666666667
57.0
48.666666666666664
56.666666666666664
50.666666666666664
75.0
75.0
39.0
63.333333333333336
65.0
63.666666666666664
91.0
70.33333333333333
50.0
51.0
55.333333333333336
58.0
79.66666666666667
61.0
66.0
62.0
82.66666666666667
80.33333333333333
41.666666666666664
62.333333333333336
53.333333333333336
81.66666666666667
64.66666666666667
74.33333333333333
78.66666666666667
43.666666666666664
71.66666666666667
68.0
73.33333333333333
72.0
66.0
52.333333333333336
54.666666666666664
61.666666666666664
61.333333333333336
52.0
64.33333333333333
53.0
55.0
61.0
67.66666666666667
36.333333333333336
57.0
65.66666666666667
58.333333333333336
57.666666666666664
28.666666666666668
76.66666666666667
91.0
51.333333333333336
58.666666666666664
59.333333333333336
82.33333333333333
72.66666666666667
66.33333333333333
75.66666666666667
53.0
71.0
72.33333333333333
82.33333333333333
57.0
49.666666666666664
46.333333333333336
57.333333333333336
65.66666666666667
43.333333333333336
52.333333333333336
59.333333333333336
78.66666666666667
58.666666666666664
50.333333333333336
55.333333333333336
58.666666666666664
57.666666666666664
82.33333333333333
70.33333333333333
74.0
58.666666666666664
91.33333333333333
79.33333333333333
80.66666666666667
55.333333333333336
76.0
64.33333333333333
76.33333333333333
72.33333333333333
61.333333333333336
57.333333333333336
74.0
61.0
56.333333333333336
75.0
51.333333333333336
66.33333333333333
83.0
60.333333333333336
63.666666666666664
88.33333333333333
60.333333333333336
61.666666666666664
58.666666666666664
70.0
54.0
73.33333333333333
79.0
62.666666666666664
73.0
65.66666666666667
55.666666666666664
45.0
96.0
77.33333333333333
56.666666666666664
43.333333333333336
69.33333333333333
55.333333333333336
69.33333333333333
80.33333333333333
76.33333333333333
93.33333333333333
76.0
68.0
48.0
67.33333333333333
55.333333333333336
45.666666666666664
39.333333333333336
72.0
75.0
92.33333333333333
47.333333333333336
75.33333333333333
48.666666666666664
55.666666666666664
38.666666666666664
41.666666666666664
75.66666666666667
70.33333333333333
52.666666666666664
60.0
83.0
55.666666666666664
46.333333333333336
63.040462427745666 63.38150289017341 63.51445086705202